80
12.2400 85.7400 9.856433140340371
 9.2294 85.8302 10.717756771358456
 6.2336 85.7149 11.157905423958388
 3.2670 85.1942 11.415870185842163
 0.6522 83.8312 11.251187255130008
-1.7625 82.0522 11.588810002756968
-3.0974 79.3523 12.687602980074688
-4.1069 76.5460 8.508162984452047
-4.6220 73.5785 7.945602630386197
-3.9064 70.7406 7.408354393520873
-2.8422 67.9281 6.139360113236559
-2.2325 64.9785 5.4561732010631765
-2.4559 62.1044 5.688866567252216
-3.5864 59.3127 6.196186402941733
-5.1177 56.7258 6.995044079918297
-6.6480 54.1366 7.269275338023729
-7.8822 51.3892 8.113075782340506
-8.8243 48.5433 9.856433140340371
-9.5036 45.6090 3.0
-9.4984 42.6085 3.0
-9.1719 39.6461 3.0
-8.0287 36.8595 3.0
-6.4033 34.3749 3.100907238212719
-4.3955 32.1298 4.097591371769518
-1.9946 30.3225 8.038072844905052
 0.5453 28.7453 3.0
 3.3909 27.7581 3.0
 6.3361 27.2637 8.551759250586978
 9.3417 27.0677 8.245408082684566
12.3534 27.0635 13.78041170683953
15.3592 27.1703 12.240814376911375
18.3506 27.5215 9.965321376152406
21.3386 27.9003 8.971937558855382
24.3246 28.2952 8.551759250586978
26.5915 30.2601 3.3614604564087984
28.5643 32.4763 4.693775026564434
29.9283 35.1616 7.393676431248533
31.4200 38.6800 9.965321376152406
32.0000 42.8900 3.5688956681304123
28.5100 43.3300 3.6999798445396896
26.0159 44.0436 3.0
23.1210 44.8443 3.5688956681304123
20.4387 46.2145 12.491932920889385
18.4013 48.2185 7.135877409260893
17.0776 50.9240 4.120558906265023
16.5889 53.8744 3.21401531421367
16.9038 56.3283 3.0089617229203833
18.7414 54.4828 3.2338195326888606
20.1700 51.8399 3.0
22.2615 49.6725 3.0733753301541267
24.6418 47.9366 3.3614604564087984
27.4427 46.8291 4.693775026564434
30.3820 46.2458 5.395007227057251
33.3145 46.0853 7.393676431248533
35.9231 47.5909 10.239111557649904
38.5995 48.9635 9.292924290017643
41.3515 50.1877 8.852681741709675
44.0149 51.5908 8.551759250586978
46.6543 53.0416 8.745749253208672
49.2749 54.5263 8.48697910271965
51.0818 56.6786 8.245408082684566
52.0259 59.5388 8.829064410796883
49.9558 61.3123 11.450715017849323
47.2020 62.2100 16.01816531972373
44.1901 62.2100 12.230895202314503
41.1781 62.2100 10.679341037723253
38.1965 62.3491 3.0
35.4576 63.6023 3.0
33.6935 65.6853 3.0
32.8933 68.5890 3.0
32.6172 71.5825 3.0
32.1164 74.4993 3.100907238212719
30.6249 77.1161 4.097591371769518
28.6848 79.3682 6.954409151754011
26.4281 81.3629 12.023550426142855
23.7019 82.6225 13.391665182493172
20.8675 83.5218 14.93227426750527
17.8621 83.7200 16.98072773587752
15.0093 84.5555 17.899236887085433
12.2400 85.7400 18.58975148435288
