17
 8.0300 82.6900 19.036693151122652
 4.9876 82.6476 18.967472177915532
 2.2367 81.5944 19.288980468651005
 0.1596 79.4516 14.677959401769714
-1.1016 76.6944 12.240814376911375
-1.4100 73.6923 10.717756771358456
 0.1939 71.1487 10.989546419211306
 2.7967 70.0409 11.251187255130008
 5.6352 71.1214 12.128035166505745
 5.8222 73.8686 14.069607322523254
 3.4435 75.6665 9.705503477924264
 4.4889 77.3200 5.485489950770122
 7.5120 77.0121 3.517627041060491
10.3950 77.0335 5.485489950770122
12.2440 78.9134 9.705503477924264
10.7036 81.3048 11.844693826773232
 8.0300 82.6900 13.795513314480178
7
22.5600 73.4000 15.606498140197882
19.3220 73.4000 14.35960690165298
18.1213 70.7397 11.84891976510939
19.4969 68.2913 10.153660394163275
22.6296 68.6364 8.924387122934546
24.3939 70.9791 8.508162984452047
22.5600 73.4000 7.945602630386197
9
48.4100 60.4700 7.681774905580093
45.8000 60.0300 7.066317375408497
45.2200 58.4400 6.139360113236559
46.3800 57.1300 5.824479390469155
47.8300 57.2700 5.4561732010631765
48.9900 57.8600 5.688866567252216
49.7200 58.7300 5.8879055647997625
49.2900 59.6000 6.196186402941733
48.4100 60.4700 6.714303041269436
18
 3.3800 52.3400 6.995044079918297
 0.7579 50.8238 7.269275338023729
-1.1537 48.6379 7.773225468233891
-2.3621 45.8655 8.328041748214284
-3.3149 43.0048 9.535951221561486
-3.2956 40.0156 13.536677018012949
-1.8379 37.3627 7.135877409260893
 0.7618 35.8083 4.42607812515776
 3.7342 35.4322 3.8658176172706358
 6.7541 35.1983 3.21401531421367
 9.6548 35.5701 3.0089617229203833
10.9400 37.8032 3.2585133865000464
 9.7181 40.5437 3.2338195326888606
 8.3170 43.2289 3.0
 6.8399 45.8731 3.0733753301541267
 6.1400 48.7177 3.3107167335790026
 6.1103 51.6229 3.3614604564087984
 3.3800 52.3400 4.693775026564434
